PointsCount EstimatedArea RelativeError
100 0.4375 0.5368
600 0.927083 0.018458
1100 0.857955 0.0916475
1600 0.957031 0.0132492
2100 1.0119 0.0713461
2600 0.942308 0.00233928
3100 0.899194 0.047986
3600 0.994792 0.0532277
4100 0.905488 0.041322
4600 0.921196 0.0246915
5100 0.947304 0.00295043
5600 0.930804 0.0145192
6100 0.966189 0.0229444
6600 0.941288 0.003419
7100 0.954225 0.0102784
7600 0.939145 0.00568804
8100 0.89892 0.0482759
8600 0.944767 0.000264956
9100 0.923764 0.0219725
9600 0.930339 0.0150115
10100 0.964109 0.0207426
10600 0.943396 0.00118681
11100 0.918919 0.027102
11600 0.933728 0.0114225
12100 0.927169 0.0183668
12600 0.96379 0.0204046
13100 0.971374 0.0284345
13600 0.93796 0.00694284
14100 0.91578 0.0304251
14600 0.941781 0.0028971
15100 0.937914 0.00699117
15600 0.961538 0.0180211
16100 0.914208 0.0320895
16600 0.965361 0.0220687
17100 0.963816 0.0204322
17600 0.924361 0.0213404
18100 0.944061 0.000483223
18600 0.926075 0.0195252
19100 0.968914 0.0258295
19600 0.979592 0.037135
20100 0.970149 0.0271377
20600 0.93841 0.00646573
21100 0.956754 0.0129552
21600 0.92853 0.0169262
22100 0.93552 0.00952532
22600 0.957688 0.0139446
23100 0.931006 0.0143043
23600 0.934322 0.010794
24100 0.933351 0.0118225
24600 0.951728 0.00763401
25100 0.947211 0.00285222
25600 0.930176 0.0151838
26100 0.948994 0.00474006
26600 0.952538 0.00849154
27100 0.957334 0.0135696
27600 0.945652 0.00120166
28100 0.940836 0.00389711
28600 0.956949 0.0131624
29100 0.944373 0.000152812
29600 0.947002 0.00263045
30100 0.957434 0.0136751
30600 0.94567 0.00122046
31100 0.940113 0.00466338
31600 0.938884 0.00596357
32100 0.93419 0.0109338
32600 0.963574 0.0201758
33100 0.944864 0.000367238
33600 0.953125 0.00911345
34100 0.935117 0.00995205
34600 0.921785 0.0240679
35100 0.948184 0.00388196
35600 0.927844 0.0176525
36100 0.942694 0.00193038
36600 0.942964 0.00164391
37100 0.93969 0.00511072
37600 0.940658 0.00408562
38100 0.949639 0.00542279
38600 0.946244 0.00182775
39100 0.96867 0.0255717
39600 0.93971 0.00509
40100 0.94841 0.00412172
40600 0.944581 6.78599e-05
41100 0.943583 0.000989353
41600 0.94396 0.00058956
42100 0.949525 0.00530192
42600 0.951585 0.00748247
43100 0.93402 0.0111141
43600 0.93879 0.00606347
44100 0.94161 0.00307798
44600 0.95838 0.0146772
45100 0.95801 0.0142854
45600 0.941201 0.00351135
46100 0.958785 0.0151062
46600 0.935891 0.00913337
47100 0.946523 0.00212401
47600 0.950236 0.00605511
48100 0.926715 0.0188477
48600 0.938915 0.00593168
49100 0.939282 0.00554263
49600 0.938508 0.00636211
50100 0.936627 0.00835394
50600 0.949358 0.00512486
51100 0.932975 0.0122207
51600 0.937016 0.00794235
52100 0.956094 0.0122569
52600 0.951046 0.00691194
53100 0.939266 0.00556014
53600 0.951143 0.00701474
54100 0.952518 0.00847131
54600 0.931433 0.0138526
55100 0.939882 0.00490743
55600 0.947617 0.0032818
56100 0.943293 0.00129586
56600 0.93485 0.0102352
57100 0.962128 0.0186451
57600 0.947049 0.00268013
58100 0.946751 0.00236534
58600 0.944113 0.000428322
59100 0.933058 0.0121319
59600 0.941275 0.00343246
60100 0.952475 0.00842532
60600 0.94967 0.00545547
61100 0.933101 0.0120863
61600 0.95414 0.0101877
62100 0.947162 0.0028
62600 0.927915 0.0175771
63100 0.937896 0.00700992
63600 0.943691 0.000874678
64100 0.94842 0.00413254
64600 0.94553 0.00107251
65100 0.942396 0.00224546
65600 0.9496 0.00538123
66100 0.939202 0.00562745
66600 0.94482 0.000320411
67100 0.943368 0.00121658
67600 0.939996 0.00478645
68100 0.950073 0.00588262
68600 0.933218 0.011963
69100 0.934696 0.010398
69600 0.940374 0.00438703
70100 0.953281 0.00927865
70600 0.949894 0.00569241
71100 0.949103 0.00485559
71600 0.95941 0.0157676
72100 0.95371 0.00973295
72600 0.948003 0.00369032
73100 0.941347 0.00335591
73600 0.935122 0.00994678
74100 0.946947 0.00257222
74600 0.947302 0.00294869
75100 0.936085 0.00892728
75600 0.940559 0.00419084
76100 0.938157 0.00673376
76600 0.952839 0.0088111
77100 0.932636 0.0125789
77600 0.953528 0.00953982
78100 0.952705 0.00866864
78600 0.927004 0.0185421
79100 0.942715 0.00190814
79600 0.951476 0.00736773
80100 0.952169 0.00810147
80600 0.93812 0.0067726
81100 0.949676 0.0054622
81600 0.970512 0.0275214
82100 0.941763 0.00291587
82600 0.943326 0.00126087
83100 0.941787 0.00289056
83600 0.93451 0.0105955
84100 0.95489 0.0109821
84600 0.934028 0.0111056
85100 0.943816 0.00074227
85600 0.945166 0.000687426
86100 0.943525 0.0010505
86600 0.938583 0.00628323
87100 0.94647 0.00206708
87600 0.94492 0.000426573
88100 0.952682 0.00864402
88600 0.942156 0.00250014
89100 0.944374 0.000151281
89600 0.9488 0.00453463
90100 0.947142 0.00277907
90600 0.935499 0.00954746
91100 0.952456 0.00840525
91600 0.949168 0.00492356
92100 0.940486 0.00426811
92600 0.931695 0.0135749
93100 0.949852 0.00564852
93600 0.92488 0.0207909
94100 0.942614 0.00201473
94600 0.940803 0.00393196
95100 0.946569 0.00217277
95600 0.952275 0.00821363
96100 0.953759 0.00978481
96600 0.953028 0.0090107
97100 0.955136 0.0112431
97600 0.940382 0.00437846
98100 0.944444 7.70144e-05
98600 0.938704 0.00615428
99100 0.952132 0.00806179
99600 0.934237 0.0108841
